BC: dVdz==0
K0: 1.0
N_init: 25
R_init: 0.005
Ric_adim: 1.0
advection: FLS
coeff_velocity: 0.14142135623730953
coordinates: spherical
delta: 1.0
dt_print: 0.2499999999999999
eta: 1.0
filename: IC
growth_rate_exponent: 0.5
n: 3
output: ./lotsoffigs/exp_5.00e-01_coeff_1.41e-01_radius_1.00e+00
phi_init: 0.4
psi0: 1.0
psiN: 0.6
sign: 1.0
t_init: 0.0012499999999999996
time_max: 49.99999999999998
