BC: dVdz==0
K0: 1.0
N_init: 25
R_init: 0.5
Ric_adim: 100.0
advection: FLS
coeff_velocity: 0.447213595499958
coordinates: spherical
delta: 1.0
dt_print: 249.99999999999991
eta: 1.0
filename: IC
growth_rate_exponent: 0.5
n: 3
output: ./lotsoffigs/exp_5.00e-01_coeff_4.47e-01_radius_1.00e+02
phi_init: 0.4
psi0: 1.0
psiN: 0.6
sign: 1.0
t_init: 1.2499999999999996
time_max: 49999.999999999985
