BC: dVdz==0
Dt_supercooling: 29.949999999999992
K0: 1.0
N_init: 20
R_init: 0.005
Ric_adim: 1.0
advection: FLS
coeff_velocity: 0.14142135623730953
coordinates: spherical
delta: 1.0
dt_print: 0.2499999999999999
eta: 1.0
filename: IC
growth_rate_exponent: 0.5
n: 3
output: ./supercooling_lotsoffigs//exp_5.00e-01_coeff_1.41e-01_radius_1.00e+00_r0_77.45966692414834
phi_init: 0.4
psi0: 1.0
psiN: 0.6
r0_supercooling: 0.7745966692414834
sign: 1.0
t0_supercooling: 0.04999999999999998
t_init: 0.0012499999999999996
tic: 49.99999999999998
time_max: 20.049999999999986
