BC: dVdz==0
Dt_supercooling: 2995.0
K0: 1.0
N_init: 20
R_init: 0.5
Ric_adim: 99.99999999999999
advection: FLS
coeff_velocity: 1.4142135623730951
coordinates: spherical
delta: 1.0
dt_print: 24.99999999999999
eta: 1.0
filename: IC
growth_rate_exponent: 0.5
n: 3
output: ./supercooling_lotsoffigs//exp_5.00e-01_coeff_1.41e+00_radius_1.00e+02_r0_77.45966692414834
phi_init: 0.4
psi0: 1.0
psiN: 0.6
r0_supercooling: 77.45966692414834
sign: 1.0
t0_supercooling: 4.999999999999998
t_init: 0.12499999999999997
tic: 4999.999999999998
time_max: 2004.9999999999982
