BC: dVdz==0
K0: 1.0
N_init: 25
R_init: 0.5
Ric_adim: 99.99999999999999
advection: FLS
coeff_velocity: 1.4142135623730951
coordinates: spherical
delta: 1.0
dt_print: 24.99999999999999
eta: 1.0
filename: IC
growth_rate_exponent: 0.5
n: 3
output: ./lotsoffigs/exp_5.00e-01_coeff_1.41e+00_radius_1.00e+02
phi_init: 0.4
psi0: 1.0
psiN: 0.6
sign: 1.0
t_init: 0.12499999999999997
time_max: 4999.999999999998
