BC: dVdz==0
Dt_supercooling: 149.49999999999994
K0: 1.0
N_init: 20
R_init: 0.05
Ric_adim: 10.0
advection: FLS
coeff_velocity: 0.447213595499958
coordinates: spherical
delta: 1.0
dt_print: 2.4999999999999996
eta: 1.0
filename: IC
growth_rate_exponent: 0.5
n: 3
output: ./supercooling_lotsoffigs//exp_5.00e-01_coeff_4.47e-01_radius_1.00e+01_r0_54.77225575051661
phi_init: 0.4
psi0: 1.0
psiN: 0.6
r0_supercooling: 5.47722557505166
sign: 1.0
t0_supercooling: 0.4999999999999999
t_init: 0.012499999999999999
tic: 499.9999999999999
time_max: 350.49999999999994
